417
422
429
436
442
451
460
470
468
475
485
507
524
538
547
573
609
651
678
690
696
697
697
699
696
699
697
696
697
690
697
707
736
762
792
826
853
869
873
899
942
993
1023
1048
1059
1065
1080
1103
1129
1146
1178
1219
1255
1279
1297
1281
1264
1262
1293
1315
1320
1321
1342
1362
1385
1393
1401
1402
1405
1425
1451
1485
1502
1515
1528
1546
1566
1574
1583
1598
1631
1658
1678
1683
1689
1710
1736
1766
1770
1752
1760
1781
1831
1862
1897
1922
1936
1945
1984
2038
2094
2138
2174
2208
2215
2214
2234
2261
2289
2297
2306
2315
2325
2348
2383
2439
2485
2512
2522
2529
2542
2571
2601
2632
2639
2650
2660
2694
2737
2783
2813
2827
2857
2877
2899
2913
2935
2956
2969
2976
2983
2987
3020
3052
3104
3124
3144
3142
3157
3166
3185
3194
3221
3248
3272
3286
3293
3302
3309
3326
3382
3442
3491
3515
3530
3545
3543
3565
3590
3612
3627
3648
3672
3703
3725
3755
3769
3787
3817
3840
3853
3851
3854
3877
3898
3918
3924
3955
3993
4041
4070
4092
4108
4127
4146
4162
4156
4176
4192
4231
4264
4324
4385
4430
4454
4464
4471
4479
4487
4492
4494
4496
4492
4496
4519
4556
4589
4610
4633
4666
4695
4716
4752
4792
4838
4861
4877
4889
4886
4883
4882
4887
4893
4895
4904
4927
4948
4979
4992
5011
5016
5024
5022
5020
5019
5025
5023
5017
5032
5056
5085
5094
5111
5124
5135
5138
5159
5175
5186
5196
5211
5229
5233
5229
5229
5240
5259
5275
5287
5301
5314
5327
5344
5365
5382
5421
5479
5536
5567
5581
5592
5601
5611
5621
5622
5620
5616
5648
5684
5723
5735
5744
5771
5798
5820
5829
5866
5901
5931
5965
6001
6038
6052
6075
6106
6121
6127
6143
6166
6189
6213
6254
6302
6327
6343
6352
6371
6390
6410
6434
6450
6466
6470
6500
6524
6549
6552
6560
6569
6578
6580
6588
6583
6612
6635
6674
6691
6714
6737
6745
6756
6760
6778
6789
6800
6818
6830
6845
6855
6903
6950
6972
6963
6953
6964
6972
6979
7001
7021
7039
7040
7041
7045
7051
7047
7032
7016
7011
7014
7019
7027
7039
7048
7057
7085
7113
7144
7152
7158
7155
7162
7184
7208
7224
7229
7234
7234
7244
7261
7283
7293
7320
7347
7374
7385
7399
7413
7425
7464
7484
7510
7513
7542
7560
7571
7579
7595
7597
7603
7609
7630
7646
7647
7651
7650
7672
7693
7732
7770
7823
7857
7891
7907
7926
7930
7954
8002
8059
8112
8155
8188
8212
8228
8262
8315
8362
8393
8401
8410
8430
8447
8463
8469
8482
8495
8505
8511
8517
8523
8521
8506
8491
8497
8514
8531
8544
8576
8609
8630
8663
8698
8733
8741
8750
8757
8764
8767
8772
8791
8810
8857
8899
8943
8970
9006
9033
9052
9049
9050
9048
9049
9055
9036
9018
8986
8970
8958
8958
8965
8966
8967
8972
8981
8990
8997
9006
9019
9032
9048
9058
9073
9113
9170
9227
9250
9256
9258
9269
9286
9302
9315
9327
9344
9370
9397
9440
9468
9493
9498
9513
9521
9528
9529
9551
9586
9594
9600
9594
9607
9612
9616
9632
9650
9673
9686
9692
9691
9735
9796
9862
9909
9968
10037
10083
10110
10126
10138
10140
10144
10148
10152
10160
10180
10200
10218
10241
10257
10268
10265
10285
10312
10349
10368
10379
10382
10387
10395
10424
10466
10511
10539
10558
10571
10580
10590
10617
10643
10664
10659
10667
10676
10696
10704
10711
10721
10733
10746
10754
10761
10778
10796
10816
10825
10833
10863
10901
10957
10975
10976
10960
10956
10963
10950
10936
10930
10930
10943
10947
10970
11000
11029
11053
11062
11071
11092
11117
11146
11174
11194
11215
11236
11252
11263
11263
11269
11275
11283
11290
11326
11362
11405
11426
11444
11454
11457
11438
11417
11398
11409
11422
11439
11448
11463
11478
11499
11515
11535
11546
11539
11522
11512
11523
11534
11545
11560
11577
11586
11594
11601
11612
11630
11648
11689
11730
11770
11794
11827
11864
11902
11939
11972
11991
11982
11948
11909
11879
11897
11936
11972
11985
11988
11993
12002
12009
12014
12021
12044
12046
12042
12026
12042
12071
12100
12139
12165
12191
12202
12217
12257
12297
12333
12353
12371
12383
12386
12419
12458
12505
12503
12510
12530
12568
12594
12597
12593
12600
12609
12633
12683
12727
12756
12760
12783
12815
12839
12850
12864
12877
12864
12840
12834
12852
12877
12889
12901
12920
12934
12948
12962
12976
12994
13001
13011
13017
13023
12997
12963
12930
12924
12930
12943
12954
12962
12958
12958
12959
12958
12957
12955
12962
12991
13026
13060
13076
13085
13102
13118
13132
13147
13167
13179
13184
13193
13228
13252
13274
13280
13298
13328
13367
13402
13415
13447
13469
13491
13498
13518
13536
13550
13563
13594
13644
13700
13740
13719
13722
13725
13771
13786
13806
13821
13827
13837
13873
13913
13938
13938
13950
13969
13971
13964
13976
14004
14036
14048
14055
14058
14062
14066
14075
14088
14108
14095
14087
14072
14085
14088
14091
14095
14096
14097
14098
14086
14075
14086
14113
14136
14153
14179
14210
14243
14267
14292
14303
14321
14339
14341
14336
14330
14332
14335
14336
14346
14340
14344
14346
14366
14391
14430
14467
14482
14481
14480
14486
14493
14506
14519
14529
14534
14539
14544
14563
14582
14601
14614
14627
14642
14660
14680
14701
14714
14736
14763
14785
14797
14801
14803
14805
14816
14829
14867
14899
14935
14945
14952
14961
14975
14997
15057
15118
15178
15198
15227
15247
15268
15294
15322
15347
15350
15353
15356
15366
15376
15387
15394
15401
15426
15443
15464
15467
15471
15466
15446
15432
15444
15462
15484
15487
15501
15514
15527
15535
15530
15525
15533
15552
15590
15615
15639
15642
15658
15678
15700
15715
15730
15743
15750
15756
15762
15769
15784
15800
15818
15840
15861
15888
15913
15945
15950
15943
15936
15952
15988
16026
16075
16099
16127
16139
16152
16155
16161
16176
16188
16210
16227
16244
16275
16303
16337
16337
16340
16337
16341
16360
16383
16390
16386
16357
16345
16336
16352
16369
16382
16391
16401
16409
16453
16498
16541
16548
16554
16557
16550
16553
16560
16581
16612
16615
16625
16613
16629
16637
16653
16680
16705
16747
16797
16854
16886
16923
16953
16989
17028
17068
17084
17068
17075
17097
17109
17096
17087
17092
17097
17110
17123
17143
17153
17164
17174
17176
17174
17173
17188
17206
17217
17220
17225
17232
17239
17245
17249
17262
17268
17278
17281
17293
17318
17352
17383
17405
17436
17477
17511
17516
17518
17519
17546
17567
17606
17643
17684
17711
17740
17767
17783
17783
17772
17768
17787
17821
17871
17927
17978
18008
18021
18034
18053
18068
18081
18093
18097
18101
18119
18136
18156
18165
18134
18093
18049
18040
18016
17992
17950
17930
17889
17871
17862
17874
17887
17896
17906
17919
17936
17953
17974
17988
18005
18016
18027
18038
18052
18068
18080
18087
18110
18134
18159
18164
18169
18196
18230
18266
18290
18308
18325
18347
18370
18409
18438
18465
18498
18521
18545
18553
18526
18496
18483
18504
18516
18505
18506
18529
18548
18560
18572
18590
18608
18619
18628
18637
18644
18659
18651
18646
18629
18633
18637
18647
18661
18671
18693
18714
18725
18720
18721
18731
18743
18753
18775
18785
18790
18787
18795
18805
18820
18831
18828
18776
18728
18693
18699
18709
18724
18739
18759
18774
18800
18825
18850
18865
18853
18838
18823
18834
18853
18874
18919
18958
18956
18937
18918
18948
18956
18965
18962
18968
18974
18992
19008
19031
19047
19063
19078
19092
19118
19135
19161
19172
19185
19192
19202
19206
19203
19208
19220
19234
19246
19259
19274
19283
19299
19311
19331
19346
19369
19400
19440
19450
19444
19425
19429
19436
19466
19512
19527
19511
19479
19490
19507
19526
19536
19548
19565
19601
19637
19671
19680
19696
19708
19709
19719
19727
19747
19751
19755
19758
19763
19794
19830
19893
19928
19941
19926
19914
19938
19963
19991
20004
20016
20027
20034
20042
20062
20080
20091
20093
20110
20113
20112
20103
20121
20123
20122
20114
20131
20146
20160
20163
20166
20172
20174
20176
20175
20183
20197
20212
20240
20272
20304
20316
20320
20330
20343
20359
20376
20399
20417
20427
20430
20414
20401
20389
20397
20405
20412
20444
20478
20512
20524
20531
20547
20571
20586
20608
20620
20662
20698
20732
20760
20780
20801
20808
20814
20832
20846
20859
20866
20865
20865
20865
20877
20892
20907
20921
20933
20943
20961
20977
20997
21013
21008
20994
20979
20990
21023
21056
21095
21110
21122
21114
21110
21107
21116
21124
21144
21166
21193
21211
21225
21233
21248
21260
21267
21264
21279
21333
21388
21415
21421
21415
21422
21417
21422
21434
21446
21458
21467
21476
21486
21493
21502
21521
21559
21606
21643
21690
21736
21786
21808
21819
21834
21846
21860
21886
21899
21911
21925
21957
21997
22015
22032
22071
22116
22158
22170
22182
22204
22226
22245
22281
22297
22314
22316
22337
22385
22428
22480
22490
22492
22510
22523
22542
22538
22550
22568
22609
22664
22707
22742
22763
22808
22851
22899
22923
22921
22915
22910
22926
22940
22953
22969
22991
23029
23056
23085
23098
23140
23174
23198
23206
23215
23251
23272
23261
23233
23208
23217
23226
23237
23245
23255
23264
23278
23294
23339
23382
23402
23389
23374
23378
23382
23385
23389
23402
23381
23359
23328
23352
23376
23402
23420
23438
23469
23484
23500
23509
23526
23542
23552
23559
23568
23576
23582
23587
23586
23583
23580
23582
23586
23587
23592
23582
23574
23567
23569
23574
23574
23584
23570
23565
23558
23594
23621
23662
23683
23731
23763
23793
23796
23800
23806
23814
23832
23848
23859
23871
23884
23908
23920
23933
23939
23953
23974
24009
24036
24071
24091
24120
24133
24147
24141
24135
24128
24132
24135
24138
24141
24149
24157
24191
24220
24249
24260
24271
24303
24327
24351
24359
24367
24391
24412
24437
24449
24460
24485
24507
24535
24550
24558
24574
24598
24650
24687
24726
24754
24788
24815
24833
24846
24862
24877
24892
24900
24932
24974
25015
25044
25062
25083
25095
25104
25112
25119
25129
25134
25147
25160
25175
25184
25198
25210
25216
25215
25206
25201
25203
25232
25259
25304
25335
25366
25374
25387
25377
25368
25350
25376
25420
25463
25489
25494
25495
25495
25497
25503
25506
25535
25574
25616
25633
25658
25706
25755
25786
25789
25802
25817
25848
25870
25881
25878
25873
25891
25909
25927
25932
25941
25951
25962
25977
25996
26013
26034
26068
26109
26144
26148
26145
26138
26139
26146
26153
26160
26161
26161
26165
26172
26179
26187
26192
26196
26202
26213
26221
26226
26230
26238
26249
26268
26290
26313
26331
26349
26379
26411
26462
26503
26545
26564
26577
26581
26585
26591
26596
26606
26624
26639
26650
26656
26632
26609
26581
26583
26583
26600
26640
26707
26768
26810
26822
26843
26863
26892
26919
26950
26979
26997
27015
27030
27061
27100
27147
27177
27195
27225
27266
27311
27337
27366
27391
27390
27369
27350
27360
27370
27375
27401
27436
27482
27504
27525
27542
27571
27592
27626
27647
27666
27668
27679
27692
27718
27752
27777
27812
27846
27891
27931
27954
27975
27971
27961
27952
27951
27956
27975
28003
28037
28072
28101
28133
28149
28170
28180
28190
28192
28200
28208
28216
28235
28254
28279
28290
28301
28305
28309
28322
28342
28361
28371
28372
28363
28354
28350
28356
28367
28383
28387
28386
28386
28405
28427
28440
28451
28466
28481
28491
28495
28499
28519
28539
28561
28582
28599
28624
28640
28671
28699
28723
28744
28759
28770
28775
28779
28785
28789
28799
28805
28811
28806
28817
28823
28839
28864
28893
28917
28927
28941
28968
28999
29026
29040
29038
29037
29036
29040
29067
29094
29122
29126
29133
29143
29169
29194
29237
29254
29285
29262
29261
29244
29257
29258
29267
29279
29291
29295
29300
29309
29316
29329
29347
29367
29383
29400
29417
29428
29425
29422
29419
29421
29424
29431
29441
29447
29466
29481
29496
29515
29521
29537
29535
29546
29550
29554
29558
29565
29574
29585
29599
29612
29628
29639
29648
29652
29667
29686
29705
29706
29709
29712
29722
29755
29803
29850
29868
29876
29884
29892
29898
29906
29921
29954
29985
30009
30014
30019
30030
30055
30094
30139
30173
30197
30215
30228
30240
30257
30274
30288
30283
30278
30269
30264
30268
30276
30290
30284
30296
30306
30327
30326
30329
30338
30366
30387
30389
30384
30376
30382
30380
30386
30380
30386
30392
30410
30455
30498
30541
30556
30570
20388